linearprog
Optimization terminated.
Difference Norm of optx and x_true
  2.3605e-009

Non-0 index   X(index)   X_true(index)
   48.0000    1.0000    1.0000
   75.0000    6.0000    6.0000
   96.0000    2.0000    2.0000
   99.0000    3.0000    3.0000
  100.0000    2.0000    2.0000

Full x vector calculated: 
   -0.0000
   -0.0000
   -0.0000
    0.0000
   -0.0000
   -0.0000
   -0.0000
   -0.0000
    0.0000
    0.0000
   -0.0000
    0.0000
    0.0000
   -0.0000
    0.0000
    0.0000
    0.0000
    0.0000
   -0.0000
   -0.0000
    0.0000
   -0.0000
    0.0000
   -0.0000
   -0.0000
    0.0000
    0.0000
    0.0000
    0.0000
   -0.0000
   -0.0000
   -0.0000
   -0.0000
         0
   -0.0000
    0.0000
    0.0000
   -0.0000
    0.0000
    0.0000
   -0.0000
    0.0000
   -0.0000
   -0.0000
    0.0000
         0
    0.0000
    1.0000
    0.0000
   -0.0000
   -0.0000
    0.0000
   -0.0000
    0.0000
    0.0000
    0.0000
    0.0000
   -0.0000
    0.0000
   -0.0000
   -0.0000
   -0.0000
    0.0000
    0.0000
    0.0000
   -0.0000
   -0.0000
    0.0000
   -0.0000
   -0.0000
    0.0000
   -0.0000
    0.0000
    0.0000
    6.0000
    0.0000
   -0.0000
    0.0000
    0.0000
   -0.0000
    0.0000
    0.0000
    0.0000
    0.0000
    0.0000
   -0.0000
    0.0000
   -0.0000
    0.0000
    0.0000
    0.0000
   -0.0000
   -0.0000
   -0.0000
    0.0000
    2.0000
   -0.0000
    0.0000
    3.0000
    2.0000

diary off
